719
2586 1 19
2354 1 19
2312 1 19
2645 1 14
2642 1 13
2378 1 13
2294 1 13
3187 1 12
2668 1 12
2530 1 12
2468 1 12
2360 1 12
1339 1 12
2358 1 11
2752 1 10
2667 1 10
2291 1 10
1966 1 10
3071 1 9
2592 1 9
2289 1 9
1169 1 9
3016 1 8
2866 1 8
2733 1 8
2731 1 8
2664 1 8
2478 1 8
2341 1 8
1344 1 8
425 1 8
3226 1 7
3219 1 7
3034 1 7
2823 1 7
2763 1 7
2663 1 7
2653 1 7
2561 1 7
2543 1 7
2534 1 7
2326 1 7
2300 1 7
2140 1 7
2025 1 7
395 1 7
3238 1 6
3228 1 6
3199 1 6
3178 1 6
2851 1 6
2831 1 6
2713 1 6
2627 1 6
2441 1 6
2362 1 6
2349 1 6
1960 1 6
1922 1 6
1497 1 6
1421 1 6
1354 1 6
377 1 6
3185 1 5
3150 1 5
3128 1 5
2942 1 5
2931 1 5
2920 1 5
2900 1 5
2863 1 5
2858 1 5
2786 1 5
2709 1 5
2692 1 5
2658 1 5
2623 1 5
2552 1 5
2551 1 5
2494 1 5
2480 1 5
2420 1 5
2353 1 5
2327 1 5
2323 1 5
2303 1 5
2271 1 5
2270 1 5
2156 1 5
2147 1 5
2015 1 5
1619 1 5
429 1 5
392 1 5
52 1 5
3218 1 4
3203 1 4
3180 1 4
3171 1 4
3169 1 4
3168 1 4
3129 1 4
3098 1 4
3087 1 4
3031 1 4
2952 1 4
2895 1 4
2867 1 4
2845 1 4
2818 1 4
2722 1 4
2695 1 4
2679 1 4
2674 1 4
2630 1 4
2600 1 4
2517 1 4
2475 1 4
2422 1 4
2394 1 4
2380 1 4
2331 1 4
2330 1 4
2287 1 4
2119 1 4
1962 1 4
1593 1 4
1500 1 4
1403 1 4
1236 1 4
1109 1 4
684 1 4
664 1 4
416 1 4
394 1 4
326 1 4
3230 1 3
3214 1 3
3193 1 3
3175 1 3
3149 1 3
3138 1 3
3137 1 3
3067 1 3
3061 1 3
3056 1 3
3053 1 3
3010 1 3
2992 1 3
2984 1 3
2935 1 3
2908 1 3
2808 1 3
2807 1 3
2768 1 3
2759 1 3
2747 1 3
2721 1 3
2702 1 3
2641 1 3
2619 1 3
2584 1 3
2576 1 3
2520 1 3
2473 1 3
2462 1 3
2310 1 3
2285 1 3
2206 1 3
2154 1 3
2137 1 3
2125 1 3
2118 1 3
2096 1 3
2061 1 3
2022 1 3
1991 1 3
1971 1 3
1940 1 3
1773 1 3
1711 1 3
1705 1 3
1696 1 3
1681 1 3
1673 1 3
1627 1 3
1608 1 3
1563 1 3
1543 1 3
1534 1 3
1480 1 3
1314 1 3
1268 1 3
1230 1 3
1148 1 3
1144 1 3
1135 1 3
1080 1 3
1053 1 3
901 1 3
510 1 3
467 1 3
408 1 3
382 1 3
345 1 3
335 1 3
3 1 3
1 1 3
3235 1 2
3227 1 2
3211 1 2
3188 1 2
3183 1 2
3166 1 2
3159 1 2
3158 1 2
3132 1 2
3112 1 2
3104 1 2
3088 1 2
3055 1 2
3054 1 2
3049 1 2
3025 1 2
2963 1 2
2945 1 2
2940 1 2
2933 1 2
2922 1 2
2853 1 2
2837 1 2
2820 1 2
2817 1 2
2773 1 2
2756 1 2
2746 1 2
2726 1 2
2717 1 2
2696 1 2
2678 1 2
2677 1 2
2657 1 2
2634 1 2
2608 1 2
2601 1 2
2513 1 2
2469 1 2
2457 1 2
2435 1 2
2427 1 2
2419 1 2
2417 1 2
2403 1 2
2402 1 2
2387 1 2
2368 1 2
2340 1 2
2314 1 2
2299 1 2
2297 1 2
2286 1 2
2281 1 2
2277 1 2
2268 1 2
2265 1 2
2262 1 2
2245 1 2
2241 1 2
2227 1 2
2202 1 2
2163 1 2
2141 1 2
2136 1 2
2124 1 2
2120 1 2
2104 1 2
2023 1 2
1999 1 2
1985 1 2
1978 1 2
1965 1 2
1954 1 2
1919 1 2
1900 1 2
1826 1 2
1825 1 2
1781 1 2
1780 1 2
1779 1 2
1706 1 2
1699 1 2
1691 1 2
1675 1 2
1665 1 2
1656 1 2
1652 1 2
1643 1 2
1635 1 2
1615 1 2
1598 1 2
1595 1 2
1545 1 2
1542 1 2
1532 1 2
1531 1 2
1482 1 2
1466 1 2
1381 1 2
1356 1 2
1340 1 2
1335 1 2
1264 1 2
1218 1 2
1203 1 2
1143 1 2
1142 1 2
1136 1 2
1134 1 2
1125 1 2
1075 1 2
1059 1 2
1024 1 2
980 1 2
869 1 2
846 1 2
839 1 2
751 1 2
700 1 2
683 1 2
666 1 2
641 1 2
632 1 2
621 1 2
618 1 2
603 1 2
535 1 2
523 1 2
511 1 2
506 1 2
495 1 2
480 1 2
473 1 2
451 1 2
433 1 2
427 1 2
426 1 2
371 1 2
346 1 2
342 1 2
332 1 2
251 1 2
212 1 2
203 1 2
202 1 2
198 1 2
176 1 2
87 1 2
85 1 2
33 1 2
26 1 2
24 1 2
4 1 2
3225 1 1
3221 1 1
3209 1 1
3208 1 1
3207 1 1
3202 1 1
3190 1 1
3172 1 1
3161 1 1
3135 1 1
3123 1 1
3122 1 1
3121 1 1
3118 1 1
3111 1 1
3101 1 1
3099 1 1
3097 1 1
3086 1 1
3080 1 1
3079 1 1
3078 1 1
3073 1 1
3072 1 1
3052 1 1
3050 1 1
3044 1 1
3043 1 1
3039 1 1
3036 1 1
2991 1 1
2989 1 1
2977 1 1
2967 1 1
2957 1 1
2951 1 1
2936 1 1
2914 1 1
2907 1 1
2904 1 1
2874 1 1
2852 1 1
2846 1 1
2812 1 1
2806 1 1
2803 1 1
2801 1 1
2800 1 1
2785 1 1
2781 1 1
2757 1 1
2723 1 1
2715 1 1
2681 1 1
2676 1 1
2660 1 1
2659 1 1
2651 1 1
2650 1 1
2647 1 1
2639 1 1
2633 1 1
2624 1 1
2621 1 1
2616 1 1
2609 1 1
2596 1 1
2590 1 1
2588 1 1
2580 1 1
2578 1 1
2577 1 1
2572 1 1
2570 1 1
2565 1 1
2531 1 1
2521 1 1
2514 1 1
2510 1 1
2508 1 1
2493 1 1
2470 1 1
2450 1 1
2439 1 1
2433 1 1
2429 1 1
2418 1 1
2401 1 1
2391 1 1
2388 1 1
2384 1 1
2382 1 1
2375 1 1
2372 1 1
2370 1 1
2342 1 1
2339 1 1
2338 1 1
2336 1 1
2335 1 1
2334 1 1
2329 1 1
2328 1 1
2325 1 1
2298 1 1
2296 1 1
2290 1 1
2272 1 1
2267 1 1
2264 1 1
2261 1 1
2260 1 1
2251 1 1
2248 1 1
2244 1 1
2238 1 1
2234 1 1
2231 1 1
2225 1 1
2220 1 1
2212 1 1
2210 1 1
2204 1 1
2167 1 1
2165 1 1
2160 1 1
2158 1 1
2152 1 1
2150 1 1
2132 1 1
2127 1 1
2126 1 1
2123 1 1
2114 1 1
2113 1 1
2097 1 1
2094 1 1
2087 1 1
2084 1 1
2076 1 1
2074 1 1
2054 1 1
2048 1 1
2038 1 1
2030 1 1
2011 1 1
2002 1 1
1990 1 1
1987 1 1
1977 1 1
1976 1 1
1974 1 1
1967 1 1
1963 1 1
1953 1 1
1947 1 1
1941 1 1
1931 1 1
1921 1 1
1917 1 1
1909 1 1
1894 1 1
1883 1 1
1880 1 1
1875 1 1
1866 1 1
1859 1 1
1848 1 1
1844 1 1
1831 1 1
1828 1 1
1821 1 1
1820 1 1
1808 1 1
1796 1 1
1775 1 1
1768 1 1
1764 1 1
1762 1 1
1751 1 1
1745 1 1
1743 1 1
1724 1 1
1704 1 1
1700 1 1
1690 1 1
1685 1 1
1677 1 1
1641 1 1
1606 1 1
1599 1 1
1587 1 1
1586 1 1
1572 1 1
1567 1 1
1566 1 1
1559 1 1
1558 1 1
1554 1 1
1552 1 1
1550 1 1
1547 1 1
1541 1 1
1538 1 1
1537 1 1
1517 1 1
1501 1 1
1489 1 1
1484 1 1
1475 1 1
1473 1 1
1460 1 1
1456 1 1
1454 1 1
1447 1 1
1443 1 1
1423 1 1
1414 1 1
1410 1 1
1402 1 1
1394 1 1
1389 1 1
1386 1 1
1385 1 1
1383 1 1
1379 1 1
1368 1 1
1363 1 1
1348 1 1
1342 1 1
1334 1 1
1325 1 1
1316 1 1
1301 1 1
1286 1 1
1276 1 1
1271 1 1
1265 1 1
1256 1 1
1240 1 1
1231 1 1
1229 1 1
1210 1 1
1189 1 1
1177 1 1
1159 1 1
1132 1 1
1126 1 1
1112 1 1
1097 1 1
1087 1 1
1086 1 1
1085 1 1
1081 1 1
1077 1 1
1063 1 1
1051 1 1
1048 1 1
1044 1 1
1043 1 1
1040 1 1
1033 1 1
1029 1 1
1028 1 1
1006 1 1
1001 1 1
997 1 1
996 1 1
953 1 1
947 1 1
927 1 1
899 1 1
885 1 1
841 1 1
837 1 1
822 1 1
816 1 1
813 1 1
792 1 1
776 1 1
773 1 1
692 1 1
686 1 1
680 1 1
675 1 1
637 1 1
626 1 1
616 1 1
598 1 1
585 1 1
584 1 1
581 1 1
559 1 1
552 1 1
545 1 1
530 1 1
513 1 1
512 1 1
500 1 1
481 1 1
478 1 1
475 1 1
461 1 1
459 1 1
455 1 1
445 1 1
441 1 1
437 1 1
432 1 1
430 1 1
391 1 1
390 1 1
385 1 1
384 1 1
383 1 1
379 1 1
355 1 1
353 1 1
337 1 1
317 1 1
316 1 1
315 1 1
314 1 1
277 1 1
266 1 1
258 1 1
255 1 1
253 1 1
250 1 1
244 1 1
240 1 1
227 1 1
226 1 1
219 1 1
214 1 1
205 1 1
192 1 1
185 1 1
182 1 1
175 1 1
101 1 1
96 1 1
92 1 1
90 1 1
81 1 1
62 1 1
60 1 1
59 1 1
53 1 1
51 1 1
37 1 1
29 1 1
19 1 1
12 1 1
6 1 1
5 1 1
2 1 1
