1169
1170
1166
1167
1173
1174
1171
1172
1159
1160
1156
1158
1163
1165
1161
1162
1188
1189
1185
1186
1192
1194
1190
1191
1177
1178
1175
1176
1182
1184
1179
1181
1180
1126
1128
1123
1125
1132
1133
1129
1130
1114
1115
1111
1113
1120
1121
1116
1118
1117
1150
1151
1147
1148
1154
1155
1152
1153
1137
1138
1135
1136
1144
1145
1139
1142
1140
1258
1259
1253
1255
1264
1265
1260
1262
1246
1247
1244
1245
1251
1252
1248
1250
1249
1283
1284
1280
1281
1290
1291
1287
1288
1270
1271
1268
1269
1277
1278
1272
1274
1273
1213
1214
1211
1212
1218
1219
1216
1217
1197
1198
1195
1196
1205
1210
1200
1204
1203
1234
1237
1231
1232
1240
1241
1238
1239
1224
1225
1220
1223
1229
1230
1226
1228
1227
953
954
950
952
958
959
955
957
938
939
936
937
945
946
940
944
973
974
970
971
977
978
975
976
963
964
960
961
968
969
965
967
966
901
905
898
899
908
912
906
907
883
887
880
881
891
892
888
890
889
929
930
927
928
934
935
931
932
915
918
913
914
922
923
919
921
920
1076
1077
1074
1075
1087
1088
1080
1084
1062
1063
1053
1059
1071
1072
1066
1068
1067
1103
1105
1101
1102
1108
1109
1106
1107
1091
1092
1089
1090
1098
1100
1095
1097
1096
1003
1004
1001
1002
1008
1010
1006
1007
982
984
980
981
994
997
988
990
989
1028
1033
1025
1027
1047
1052
1039
1045
1016
1018
1012
1013
1022
1024
1019
1021
1020
1577
1578
1572
1574
1583
1584
1580
1581
1563
1564
1561
1562
1569
1570
1565
1566
1597
1598
1594
1595
1605
1607
1599
1602
1587
1588
1585
1586
1592
1593
1589
1591
1590
1535
1536
1533
1534
1539
1540
1537
1538
1525
1526
1522
1523
1531
1532
1527
1529
1528
1553
1554
1551
1552
1558
1559
1556
1557
1543
1544
1541
1542
1549
1550
1545
1548
1547
1677
1678
1675
1676
1683
1684
1681
1682
1666
1667
1664
1665
1673
1674
1668
1671
1669
1700
1702
1698
1699
1705
1707
1703
1704
1687
1688
1685
1686
1696
1697
1689
1691
1690
1628
1629
1626
1627
1632
1633
1630
1631
1615
1618
1611
1612
1622
1623
1619
1621
1620
1651
1654
1647
1649
1662
1663
1655
1658
1638
1639
1634
1637
1643
1644
1640
1642
1641
1362
1364
1360
1361
1373
1379
1367
1368
1348
1349
1345
1346
1355
1356
1350
1354
1351
1402
1403
1394
1396
1408
1410
1404
1406
1386
1387
1381
1385
1392
1393
1388
1391
1389
1311
1312
1307
1308
1315
1319
1313
1314
1294
1295
1292
1293
1305
1306
1296
1300
1299
1338
1339
1333
1337
1342
1344
1340
1341
1325
1326
1320
1323
1330
1332
1327
1329
1328
1494
1495
1490
1491
1498
1499
1496
1497
1471
1475
1468
1469
1482
1488
1476
1481
1480
1513
1514
1510
1512
1520
1521
1516
1519
1502
1503
1500
1501
1508
1509
1504
1507
1505
1434
1435
1432
1433
1441
1442
1436
1440
1415
1419
1412
1414
1427
1428
1421
1426
1422
1459
1460
1456
1457
1463
1466
1461
1462
1448
1449
1445
1447
1454
1455
1450
1452
1451
315
316
309
314
321
322
318
319
289
293
284
287
306
308
296
300
335
336
333
334
340
341
337
339
325
326
323
324
331
332
327
329
328
238
239
234
235
245
246
240
244
224
225
218
221
232
233
227
230
229
269
271
263
265
280
281
273
279
251
252
247
248
259
260
253
256
255
402
403
400
401
407
408
404
406
392
393
390
391
398
399
395
397
396
426
427
424
425
430
432
428
429
412
413
409
411
420
423
414
419
418
357
358
354
355
364
365
359
363
345
346
342
344
352
353
349
351
350
382
383
380
381
386
387
384
385
371
372
366
369
378
379
373
377
374
71
72
65
68
75
76
73
74
53
54
48
51
62
64
57
60
59
97
100
95
96
105
107
101
102
83
87
78
81
91
94
88
90
89
14
15
12
13
21
22
17
20
3
4
1
2
8
9
5
7
6
38
40
36
37
44
47
41
43
27
28
24
26
34
35
29
33
32
170
171
168
169
175
176
172
174
159
160
157
158
165
166
161
164
162
199
202
197
198
212
215
210
211
179
180
177
178
190
196
183
186
185
125
127
122
123
130
132
128
129
114
115
108
113
119
121
116
118
117
145
146
143
144
152
156
150
151
135
136
133
134
140
142
137
139
138
724
725
720
723
731
732
729
730
706
707
703
705
717
718
711
712
748
749
743
747
752
753
750
751
735
737
733
734
741
742
738
740
739
664
665
659
660
675
676
666
670
651
653
647
650
657
658
654
656
655
694
697
691
692
700
701
698
699
684
685
682
683
689
690
686
688
687
849
850
847
848
854
857
852
853
830
836
824
829
844
846
837
841
839
872
874
869
870
878
879
876
877
860
861
858
859
867
868
862
866
863
782
783
776
780
786
791
784
785
760
761
754
757
771
774
763
768
766
816
818
808
813
822
823
820
821
794
795
792
793
802
807
796
800
799
514
515
510
511
520
521
516
518
500
501
497
498
506
507
503
505
504
534
535
532
533
540
541
536
538
524
525
522
523
529
530
526
528
527
453
454
451
452
458
459
455
456
441
442
433
434
448
449
445
447
446
490
491
474
480
495
496
492
493
462
463
460
461
470
473
464
469
467
614
616
612
613
620
621
618
619
601
605
599
600
610
611
606
608
607
639
641
635
638
644
645
642
643
625
626
622
623
633
634
627
632
630
561
562
558
559
565
566
563
564
545
548
542
543
554
555
549
551
550
589
591
583
584
595
598
592
593
569
570
567
568
579
580
571
578
575
2707
2708
2703
2704
2711
2712
2709
2710
2691
2692
2687
2690
2696
2697
2693
2694
2729
2730
2727
2728
2735
2736
2733
2734
2715
2716
2713
2714
2722
2726
2719
2721
2720
2662
2663
2660
2661
2666
2667
2664
2665
2651
2652
2647
2650
2657
2658
2653
2656
2655
2681
2682
2679
2680
2685
2686
2683
2684
2670
2671
2668
2669
2676
2678
2672
2675
2674
2817
2818
2811
2816
2824
2825
2822
2823
2797
2799
2795
2796
2809
2810
2801
2803
2802
2843
2844
2841
2842
2847
2849
2845
2846
2830
2831
2826
2829
2836
2837
2833
2835
2834
2752
2753
2749
2750
2760
2761
2754
2759
2740
2741
2737
2738
2747
2748
2742
2745
2743
2784
2785
2782
2783
2793
2794
2787
2790
2766
2772
2763
2765
2780
2781
2776
2779
2778
2486
2487
2484
2485
2491
2492
2488
2490
2474
2475
2471
2473
2479
2480
2476
2478
2504
2506
2502
2503
2513
2514
2511
2512
2495
2496
2493
2494
2500
2501
2497
2499
2498
2446
2447
2444
2445
2450
2451
2448
2449
2437
2438
2435
2436
2442
2443
2439
2441
2440
2464
2466
2461
2463
2469
2470
2467
2468
2454
2455
2452
2453
2459
2460
2456
2458
2457
2615
2616
2612
2614
2621
2622
2617
2618
2600
2604
2598
2599
2609
2611
2605
2608
2606
2637
2638
2635
2636
2645
2646
2640
2642
2625
2628
2623
2624
2633
2634
2629
2631
2630
2552
2553
2543
2544
2561
2562
2554
2555
2519
2528
2515
2518
2536
2537
2529
2535
2534
2587
2588
2585
2586
2592
2597
2590
2591
2569
2570
2563
2566
2581
2584
2577
2579
2578
3116
3118
3113
3114
3126
3127
3124
3125
3106
3107
3104
3105
3111
3112
3108
3109
3144
3145
3141
3143
3148
3149
3146
3147
3131
3132
3128
3129
3138
3140
3134
3137
3135
3073
3074
3067
3069
3081
3082
3075
3078
3055
3056
3053
3054
3065
3066
3057
3061
3059
3097
3098
3095
3096
3102
3103
3099
3101
3087
3088
3083
3086
3093
3094
3089
3091
3090
3206
3207
3204
3205
3218
3219
3212
3214
3197
3198
3195
3196
3202
3203
3199
3201
3200
3234
3235
3232
3233
3238
3239
3236
3237
3223
3224
3220
3221
3228
3231
3225
3227
3226
3165
3166
3160
3163
3169
3172
3167
3168
3152
3153
3150
3151
3157
3159
3154
3156
3155
3189
3190
3187
3188
3193
3194
3191
3192
3179
3180
3175
3178
3185
3186
3182
3184
3183
2923
2924
2921
2922
2927
2928
2925
2926
2909
2911
2905
2908
2917
2920
2912
2914
2913
2944
2945
2942
2943
2949
2950
2946
2948
2931
2932
2929
2930
2937
2938
2933
2935
2934
2870
2871
2867
2869
2877
2878
2872
2874
2853
2857
2851
2852
2865
2866
2858
2864
2863
2897
2899
2895
2896
2902
2903
2900
2901
2885
2886
2879
2884
2890
2891
2887
2889
2888
3022
3023
3018
3021
3028
3029
3024
3027
3007
3009
3003
3006
3016
3017
3010
3015
3011
3047
3048
3041
3046
3051
3052
3049
3050
3032
3033
3030
3031
3039
3040
3034
3036
3035
2974
2975
2971
2972
2978
2979
2976
2977
2957
2961
2955
2956
2967
2970
2962
2966
2963
2997
2998
2995
2996
3001
3002
2999
3000
2982
2983
2980
2981
2990
2991
2984
2989
2988
1943
1944
1941
1942
1947
1948
1945
1946
1934
1935
1932
1933
1939
1940
1937
1938
1960
1961
1958
1959
1964
1965
1962
1963
1951
1952
1949
1950
1956
1957
1953
1955
1954
1899
1901
1897
1898
1905
1907
1903
1904
1888
1889
1886
1887
1895
1896
1890
1894
1891
1926
1927
1922
1924
1930
1931
1928
1929
1915
1916
1910
1914
1920
1921
1917
1919
1918
2027
2028
2025
2026
2031
2032
2029
2030
2015
2016
2013
2014
2023
2024
2017
2020
2018
2048
2049
2046
2047
2052
2054
2050
2051
2035
2036
2033
2034
2044
2045
2039
2042
2040
1984
1985
1979
1981
1988
1989
1986
1987
1968
1969
1966
1967
1976
1978
1970
1972
1971
2006
2007
2002
2005
2010
2011
2008
2009
1992
1993
1990
1991
2000
2001
1994
1999
1996
1777
1778
1775
1776
1781
1783
1779
1780
1764
1767
1762
1763
1772
1773
1768
1771
1769
1796
1797
1794
1795
1800
1801
1798
1799
1786
1787
1784
1785
1791
1793
1788
1790
1789
1720
1721
1718
1719
1725
1726
1723
1724
1710
1711
1708
1709
1716
1717
1712
1715
1713
1752
1754
1747
1749
1760
1761
1756
1757
1729
1732
1727
1728
1741
1744
1733
1736
1734
1858
1859
1856
1857
1864
1865
1861
1863
1847
1848
1844
1846
1854
1855
1849
1852
1850
1880
1881
1878
1879
1884
1885
1882
1883
1868
1870
1866
1867
1874
1877
1871
1873
1872
1813
1814
1811
1812
1817
1818
1815
1816
1804
1805
1802
1803
1809
1810
1806
1808
1807
1836
1839
1833
1834
1842
1843
1840
1841
1822
1823
1819
1821
1829
1831
1824
1828
1827
2309
2310
2307
2308
2316
2317
2312
2315
2300
2301
2297
2299
2304
2306
2302
2303
2338
2339
2333
2334
2344
2345
2340
2343
2320
2323
2318
2319
2330
2332
2324
2326
2325
2261
2262
2256
2260
2270
2271
2268
2269
2243
2244
2241
2242
2254
2255
2246
2249
2248
2289
2290
2287
2288
2295
2296
2292
2294
2276
2277
2272
2274
2285
2286
2278
2284
2279
2405
2406
2403
2404
2409
2410
2407
2408
2395
2396
2392
2393
2400
2401
2397
2399
2398
2429
2430
2425
2426
2433
2434
2431
2432
2413
2414
2411
2412
2423
2424
2415
2418
2416
2362
2363
2360
2361
2367
2368
2365
2366
2351
2352
2347
2350
2357
2358
2354
2356
2355
2385
2386
2380
2381
2389
2391
2387
2388
2371
2372
2369
2370
2377
2378
2373
2375
2374
2119
2120
2117
2118
2123
2125
2121
2122
2109
2111
2104
2105
2115
2116
2112
2114
2113
2137
2138
2135
2136
2141
2142
2139
2140
2128
2129
2126
2127
2133
2134
2130
2132
2131
2069
2070
2067
2068
2075
2079
2071
2073
2058
2061
2055
2057
2065
2066
2062
2064
2063
2094
2095
2092
2093
2099
2100
2097
2098
2084
2086
2082
2083
2090
2091
2087
2089
2088
2207
2208
2202
2206
2214
2217
2210
2213
2191
2192
2188
2189
2200
2201
2193
2197
2194
2232
2233
2229
2230
2238
2240
2234
2235
2221
2222
2218
2220
2227
2228
2223
2226
2224
2157
2158
2155
2156
2162
2163
2160
2161
2147
2148
2145
2146
2153
2154
2149
2152
2150
2181
2183
2179
2180
2186
2187
2184
2185
2169
2171
2167
2168
2176
2178
2172
2175
2174
